pygame 2.0.1 (SDL 2.0.14, Python 3.7.7)
Hello from the pygame community. https://www.pygame.org/contribute.html

実行前なのでスコアは関係なし
0,|00110001|11111100|10001111|01011101|10010110|11100010|10111111|01011100|00110000|10001101|11010010|01110110|10111100|11011110|10100101|11101110|00010111|00101100|11001000|01100000|00010111|01010111|11110001|00000111|01011011|01011101|11011000|00010010|00010011|00110011|10110010|01011110|11010110|11101111|00101100|11001010|10111010|10110011|11000000|10010000|00000011|00011100|10100110|10010111|11000100|11000000|00011100|01011110|10000110|01101100|11010000|11010010|10100101|01001000|00001101|10110010|01110111|10011010|10111010|11110111|11111110|01110100|01111100|11111110|01100111|10011101|10001110|10010111|01000010|11011010|01010011|00100011|00010111|00011111|01000101|01111100|01100110|10010110|01101001|01110100
1,|11011010|11000111|00100101|10010011|10111111|01001010|00110100|00000011|10010100|01101011|10111101|10010010|10111000|11000010|00000111|01101000|01110111|01110101|01010100|00111010|11000100|11001000|00100011|11100100|10001110|11010011|11001100|11010101|11011100|11111010|10001100|01000011|10101011|10000100|00000100|11001110|11010111|00100011|10010111|00010110|10010101|01011011|00011100|11111000|11100110|00100011|00110101|01110101|01110101|00101101|11010110|01001100|00110011|01001011|10100100|11011001|11110100|11001100|10001010|10011111|00010111|10111001|00100001|00110000|11110000|10110001|11001101|10100000|11100101|00111100|11110100|01001110|11000100|00000110|00001001|00100000|00111000|00011010|01000010|00011111
2,|01110111|10000100|10011001|01011001|01111000|01000110|11100110|01110101|10000110|10001101|11111101|01001000|11111000|11110000|00101101|10000001|00010101|00000110|10000011|11001100|11101111|10010011|01001011|01001010|10010101|10000001|11011110|00010110|00111100|00001101|10101000|11011000|10011100|00110000|01001011|11110001|10100110|01101111|00110111|11000011|11000010|10001111|11100111|11011011|11010000|00110110|10001001|10011010|00010001|10001101|00011011|00011110|01011001|11101100|10011001|01001100|01011110|11001010|10100110|01101100|11010001|11100000|00011100|01101101|11110111|11110110|01000110|01010110|01111101|01001110|00100110|11101101|10010110|10010011|01100110|11100011|11111000|00111110|00010111|10110011
3,|01110011|10001001|11001001|11111101|01000110|00101000|11101010|01000111|00110010|10000111|10100111|10111111|10111011|00010010|01101110|11010110|00101011|11101011|00011110|00100001|11010000|00100110|01001001|00011101|11001000|00001010|01101110|00100010|10010110|11000010|00011100|00000101|11111001|10010100|00111101|01110101|01000011|00000101|01011100|10001001|01100101|10011010|00001011|10000000|00000110|01100110|11101100|01100100|00101101|11010001|10011110|10110110|11100001|11111110|10100001|11000000|10001100|01000001|01101001|10001010|01110011|01010010|00110011|10010110|00010010|10111000|11110110|00101110|00101101|11100110|11101001|10101011|01101011|11011000|10100110|01000110|11110001|00101000|00101000|11111000
4,|10101110|01111011|00100001|10000000|01000011|10011010|11111101|10010111|00110100|01111110|11110111|10001000|11110111|10100001|10101001|00100001|10000110|11110101|01000011|10000010|00000111|11100010|10011010|00100001|10010011|00100110|00010110|10100010|11011000|00001000|11001011|10111110|00001101|01000110|00001001|00110001|00111100|01010011|10101100|10010011|00101111|01111100|11111100|11000100|01110100|11000110|01101011|00100001|10001000|00101100|11100111|10011001|00011010|10110011|11000100|11001111|00010101|00111010|00011011|11010011|10100110|00101001|10000101|11101100|10110110|01001010|01010111|11000101|01011100|10111100|00101011|00000011|11101111|10011100|11011111|00010001|11011001|00000000|11111011|10101100
5,|00111100|00110100|01111111|10100011|00111101|01011100|11011101|00010111|11101000|01001111|10011100|01100001|10110110|01001110|10000001|10111000|11000001|01110100|10110001|01000010|00011101|10001001|11100100|11000100|10010000|00010011|11000100|10011010|01001101|00010000|10011111|10000100|10001101|01101101|00011101|10010101|01110110|01010011|10110111|00000001|11011010|00000011|00100110|11001000|00110011|00010011|00111101|11100111|11110100|00111001|00110110|01010010|00010001|10011110|01001101|11001000|10011101|11111000|11000101|00100001|11100001|11001111|00110001|00111111|00011001|00011110|11111110|11011110|00011110|11110100|11000101|01010111|01100001|01010000|01100100|00011010|01010011|11111101|10010110|00101111
6,|10010010|00000100|01011111|00000100|11001110|00001010|00010011|01110100|10010110|11111010|00010100|01110001|10110010|10001001|00100111|01010100|10100001|10100010|01110110|10010101|01001001|00110101|11101010|10111010|00100010|10100001|10000111|01001110|00010110|01000011|10101110|00110001|00010011|11010000|11101111|11011110|11001100|11110100|00011101|11000100|01010010|11101001|10101000|01100110|10001001|01110111|10101110|00000010|11010101|01101101|10011000|11110110|01011001|10110001|00010111|11100001|00111011|01001000|10101001|00001100|01000000|11100010|10001111|00100111|00011001|01111001|01010101|11011110|00001010|11001101|00010110|10100101|01011011|10110001|10111101|11111010|10100010|11110111|01010110|00100000
7,|11010110|00101110|00011000|01110011|10011101|01100000|10001100|10100100|11010111|00000001|00011110|00110110|00101001|01000100|11000111|11110011|10010110|01111000|01101110|00001001|00111110|00000100|11101001|00101010|10010111|01101001|01011100|11010011|01100111|10111111|01110001|10111010|10111011|11100110|01010101|01110001|01011111|11000000|01100110|11111010|01011000|00011110|00110011|11111101|01101110|11011101|01101001|00100001|00000000|11011011|10011101|11111010|10000001|11001110|10101100|01111000|00011010|11100011|10010000|01111011|01001010|10101111|11111001|10110101|00110001|01111001|01101101|10001101|01101011|01101000|10111010|11010000|00011001|01011011|01100001|01111000|11101101|01011101|10101011|01100001
8,|10111110|11011001|00111011|01000100|01010001|11111101|01010010|00000111|01011110|00101100|01010000|00001001|10111111|00000101|00111101|01100001|10001001|10001001|11010011|10010011|10111001|00010000|10011100|10010011|10011001|11101001|01001010|01000111|00000111|10010000|01101111|11111110|01110101|00011011|01001001|11010101|01001000|00011101|10000111|01101110|00001001|11001010|01101010|00110001|00000101|11000101|00001000|00010101|10011101|11010110|00100010|01000110|00101001|00001001|01101101|10111001|10111010|10000001|11000010|11110111|10111000|10111000|10011101|01011000|00010100|10001110|01000111|10010110|11111110|00000010|00111110|01011111|11011110|01110010|10101000|10001011|00110010|00101011|00001100|10011011
9,|01000000|10101110|01001000|10111010|11110010|01010000|01000000|00101011|10110011|00110111|10100101|01001010|10100011|00000110|00111001|10011000|00000110|00011010|01101101|00001111|01010001|11110000|01000010|10010000|01111100|10110000|11000000|10101001|01000101|01111000|10110110|01110010|11100101|00100101|10100000|00010001|00001010|01010001|11111101|01001111|00001011|10011011|01110101|01001000|01010100|10010010|01100110|10001110|01000111|11011011|11100101|11111101|10101100|11111100|11010100|00001110|10011110|10011011|00101110|10011100|10001001|01001110|00000101|10110000|10100111|00111010|00010000|00111001|11100101|01110010|10001111|01001100|01000000|10101011|00010110|00110110|11110001|01000100|10001010|00010000

実行後に出てきたfirst genのスコアと中身
first gen
(48.65161290322587, [1, 0, 1, 1, 1, 1, 1, 0, 1, 1, 0, 1, 1, 0, 0, 1, 0, 0, 1, 1, 1, 0, 1, 1, 0, 1, 0, 0, 0, 1, 0, 0, 0, 1, 0, 1, 0, 0, 0, 1, 1, 1, 1, 1, 1, 1, 0, 1, 0, 1, 0, 1, 0, 0, 1, 0, 0, 0, 0, 0, 0, 1, 1, 1, 0, 1, 0, 1, 1, 1, 1, 0, 0, 0, 1, 0, 1, 1, 0, 0, 0, 1, 0, 1, 0, 0, 0, 0, 0, 0, 0, 0, 1, 0, 0, 1, 1, 0, 1, 1, 1, 1, 1, 1, 0, 0, 0, 0, 0, 1, 0, 1, 0, 0, 1, 1, 1, 1, 0, 1, 0, 1, 1, 0, 0, 0, 0, 1, 1, 0, 0, 0, 1, 0, 0, 1, 1, 0, 0, 0, 1, 0, 0, 1, 1, 1, 0, 1, 0, 0, 1, 1, 1, 0, 0, 1, 0, 0, 1, 1, 1, 0, 1, 1, 1, 0, 0, 1, 0, 0, 0, 1, 0, 0, 0, 0, 1, 0, 0, 1, 1, 1, 0, 0, 1, 0, 0, 1, 0, 0, 1, 1, 1, 0, 0, 1, 1, 0, 0, 1, 1, 1, 1, 0, 1, 0, 0, 1, 0, 1, 0, 0, 1, 0, 1, 0, 0, 1, 0, 0, 0, 1, 1, 1, 0, 0, 0, 0, 0, 1, 1, 1, 1, 0, 0, 1, 0, 0, 0, 0, 0, 1, 1, 0, 1, 1, 1, 1, 1, 1, 1, 1, 1, 1, 1, 0, 0, 1, 1, 1, 0, 1, 0, 1, 0, 0, 0, 1, 1, 0, 1, 1, 0, 1, 0, 0, 1, 0, 0, 1, 1, 1, 0, 1, 0, 1, 0, 1, 0, 1, 0, 0, 1, 0, 0, 0, 0, 0, 0, 1, 1, 1, 0, 1, 1, 0, 0, 0, 0, 1, 1, 1, 0, 1, 1, 0, 1, 1, 1, 0, 0, 0, 0, 0, 1, 0, 0, 1, 1, 1, 0, 0, 1, 0, 1, 0, 0, 1, 1, 0, 1, 0, 1, 0, 0, 0, 1, 1, 0, 0, 0, 1, 0, 0, 0, 0, 0, 1, 0, 1, 1, 1, 0, 0, 0, 1, 0, 1, 0, 0, 0, 0, 1, 0, 0, 0, 0, 0, 0, 1, 0, 1, 0, 1, 1, 0, 0, 1, 1, 1, 0, 1, 1, 1, 0, 1, 0, 1, 1, 0, 0, 0, 1, 0, 0, 0, 1, 0, 0, 1, 0, 0, 0, 1, 1, 0, 0, 0, 1, 0, 1, 0, 0, 1, 0, 0, 0, 0, 1, 0, 0, 1, 0, 1, 1, 0, 1, 1, 0, 1, 1, 0, 1, 1, 1, 0, 0, 1, 1, 0, 1, 1, 1, 0, 1, 0, 1, 0, 0, 0, 0, 0, 0, 1, 1, 1, 0, 0, 0, 0, 1, 0, 1, 1, 1, 1, 0, 1, 1, 1, 1, 0, 1, 1, 1, 0, 0, 0, 1, 0, 1, 1, 1, 0, 0, 0, 1, 0, 0, 1, 1, 1, 0, 1, 0, 1, 0, 1, 1, 0, 0, 0, 0, 0, 0, 1, 0, 1, 0, 0, 1, 0, 0, 0, 1, 1, 1, 0, 0, 1, 0, 0, 0, 1, 1, 1, 1, 0, 0, 1, 0, 1, 1, 0, 1, 1, 1, 1, 1, 1, 1, 0, 0, 0, 0, 0, 0, 0, 1, 0, 0, 0, 1, 1, 1, 1, 1, 0, 0, 1, 0, 1, 1, 1, 1, 1, 1, 1, 0, 1, 1, 1, 1, 0, 0, 1, 1, 1, 0, 0, 1, 0, 1, 0, 1, 0, 1, 0, 0, 0, 1, 0, 0, 0, 1, 0, 1, 1, 0, 0, 1, 1, 0, 0, 1, 0, 0, 0, 1, 0, 1, 0, 1, 1, 0, 0, 0, 0, 1, 1, 0, 0, 1, 0, 0, 1, 1, 0, 1, 1])
(44.490322580645206, [0, 1, 0, 0, 0, 0, 0, 0, 1, 0, 1, 0, 1, 1, 1, 0, 0, 1, 0, 0, 1, 0, 0, 0, 1, 0, 1, 1, 1, 0, 1, 0, 1, 1, 1, 1, 0, 0, 1, 0, 0, 1, 0, 1, 0, 0, 0, 0, 0, 1, 0, 0, 0, 0, 0, 0, 0, 0, 1, 0, 1, 0, 1, 1, 1, 0, 1, 1, 0, 0, 1, 1, 0, 0, 1, 1, 0, 1, 1, 1, 1, 0, 1, 0, 0, 1, 0, 1, 0, 1, 0, 0, 1, 0, 1, 0, 1, 0, 1, 0, 0, 0, 1, 1, 0, 0, 0, 0, 0, 1, 1, 0, 0, 0, 1, 1, 1, 0, 0, 1, 1, 0, 0, 1, 1, 0, 0, 0, 0, 0, 0, 0, 0, 1, 1, 0, 0, 0, 0, 1, 1, 0, 1, 0, 0, 1, 1, 0, 1, 1, 0, 1, 0, 0, 0, 0, 1, 1, 1, 1, 0, 1, 0, 1, 0, 0, 0, 1, 1, 1, 1, 1, 0, 0, 0, 0, 0, 1, 0, 0, 0, 0, 1, 0, 1, 0, 0, 1, 0, 0, 0, 0, 0, 1, 1, 1, 1, 1, 0, 0, 1, 0, 1, 1, 0, 0, 0, 0, 1, 1, 0, 0, 0, 0, 0, 0, 1, 0, 1, 0, 1, 0, 0, 1, 0, 1, 0, 0, 0, 1, 0, 1, 0, 1, 1, 1, 1, 0, 0, 0, 1, 0, 1, 1, 0, 1, 1, 0, 0, 1, 1, 1, 0, 0, 1, 0, 1, 1, 1, 0, 0, 1, 0, 1, 0, 0, 1, 0, 0, 1, 0, 1, 1, 0, 1, 0, 0, 0, 0, 0, 0, 0, 0, 1, 0, 0, 0, 1, 0, 0, 0, 0, 1, 0, 1, 0, 0, 1, 0, 1, 0, 0, 0, 1, 1, 1, 1, 1, 1, 1, 0, 1, 0, 1, 0, 0, 1, 1, 1, 1, 0, 0, 0, 0, 1, 0, 1, 1, 1, 0, 0, 1, 1, 0, 1, 1, 0, 1, 1, 1, 0, 1, 0, 1, 0, 1, 0, 0, 1, 0, 0, 0, 0, 1, 0, 1, 0, 1, 0, 0, 1, 0, 0, 1, 0, 0, 1, 0, 0, 1, 1, 0, 0, 1, 1, 0, 1, 0, 0, 0, 1, 1, 1, 0, 0, 1, 0, 0, 0, 1, 1, 1, 1, 1, 0, 1, 1, 0, 1, 1, 1, 1, 1, 0, 0, 1, 0, 1, 1, 1, 1, 1, 1, 1, 0, 1, 1, 0, 1, 0, 1, 1, 0, 0, 1, 1, 1, 1, 1, 1, 0, 0, 1, 1, 0, 1, 0, 1, 0, 0, 0, 0, 0, 0, 1, 1, 1, 0, 1, 0, 0, 1, 1, 1, 1, 0, 1, 0, 0, 1, 1, 0, 1, 1, 0, 0, 1, 0, 1, 1, 1, 0, 1, 0, 0, 1, 1, 1, 0, 0, 1, 0, 0, 0, 1, 0, 0, 1, 0, 1, 0, 0, 1, 1, 1, 0, 0, 0, 0, 0, 0, 1, 0, 1, 1, 0, 1, 1, 0, 0, 0, 0, 1, 0, 1, 0, 0, 1, 1, 1, 0, 0, 1, 1, 1, 0, 1, 0, 0, 0, 0, 1, 0, 0, 0, 0, 0, 0, 1, 1, 1, 0, 0, 1, 1, 1, 1, 0, 0, 1, 0, 1, 0, 1, 1, 1, 0, 0, 1, 0, 1, 0, 0, 0, 1, 1, 1, 1, 0, 1, 0, 0, 1, 1, 0, 0, 0, 1, 0, 0, 0, 0, 0, 0, 1, 0, 1, 0, 1, 0, 1, 1, 0, 0, 0, 1, 0, 1, 1, 0, 0, 0, 1, 1, 0, 1, 1, 0, 1, 1, 1, 1, 0, 0, 0, 1, 0, 1, 0, 0, 0, 1, 0, 0, 1, 0, 0, 0, 1, 0, 1, 0, 0, 0, 0, 1, 0, 0, 0, 0])
(37.774193548387125, [1, 1, 0, 1, 1, 0, 1, 0, 1, 1, 0, 0, 0, 1, 1, 1, 0, 0, 1, 0, 0, 1, 0, 1, 1, 0, 0, 1, 0, 0, 1, 1, 1, 0, 1, 1, 1, 1, 1, 1, 0, 1, 0, 0, 1, 0, 1, 0, 0, 0, 1, 1, 0, 1, 0, 0, 0, 0, 0, 0, 0, 0, 1, 1, 1, 0, 0, 1, 0, 1, 0, 0, 0, 1, 1, 0, 1, 0, 1, 1, 1, 0, 1, 1, 1, 1, 0, 1, 1, 0, 0, 1, 0, 0, 1, 0, 1, 0, 1, 1, 1, 0, 0, 0, 1, 1, 0, 0, 0, 0, 1, 0, 0, 0, 0, 0, 0, 1, 1, 1, 0, 1, 1, 0, 1, 0, 0, 0, 0, 1, 1, 1, 0, 1, 1, 1, 0, 1, 1, 1, 0, 1, 0, 1, 0, 1, 0, 1, 0, 1, 0, 0, 0, 0, 1, 1, 1, 0, 1, 0, 1, 1, 0, 0, 0, 1, 0, 0, 1, 1, 0, 0, 1, 0, 0, 0, 0, 0, 1, 0, 0, 0, 1, 1, 1, 1, 1, 0, 0, 1, 0, 0, 1, 0, 0, 0, 1, 1, 1, 0, 1, 1, 0, 1, 0, 0, 1, 1, 1, 1, 0, 0, 1, 1, 0, 0, 1, 1, 0, 1, 0, 1, 0, 1, 1, 1, 0, 1, 1, 1, 0, 0, 1, 1, 1, 1, 1, 0, 1, 0, 1, 0, 0, 0, 1, 1, 0, 0, 0, 1, 0, 0, 0, 0, 1, 1, 1, 0, 1, 0, 1, 0, 1, 1, 1, 0, 0, 0, 0, 1, 0, 0, 0, 0, 0, 0, 0, 1, 0, 0, 1, 1, 0, 0, 1, 1, 1, 0, 1, 1, 0, 1, 0, 1, 1, 1, 0, 0, 1, 0, 0, 0, 1, 1, 1, 0, 0, 1, 0, 1, 1, 1, 0, 0, 0, 1, 0, 1, 1, 0, 1, 0, 0, 1, 0, 1, 0, 1, 0, 1, 0, 1, 1, 0, 1, 1, 0, 0, 0, 1, 1, 1, 0, 0, 1, 1, 1, 1, 1, 0, 0, 0, 1, 1, 1, 0, 0, 1, 1, 0, 0, 0, 1, 0, 0, 0, 1, 1, 0, 0, 1, 1, 0, 1, 0, 1, 0, 1, 1, 1, 0, 1, 0, 1, 0, 1, 1, 1, 0, 1, 0, 1, 0, 0, 1, 0, 1, 1, 0, 1, 1, 1, 0, 1, 0, 1, 1, 0, 0, 1, 0, 0, 1, 1, 0, 0, 0, 0, 1, 1, 0, 0, 1, 1, 0, 1, 0, 0, 1, 0, 1, 1, 1, 0, 1, 0, 0, 1, 0, 0, 1, 1, 0, 1, 1, 0, 0, 1, 1, 1, 1, 1, 0, 1, 0, 0, 1, 1, 0, 0, 1, 1, 0, 0, 1, 0, 0, 0, 1, 0, 1, 0, 1, 0, 0, 1, 1, 1, 1, 1, 0, 0, 0, 1, 0, 1, 1, 1, 1, 0, 1, 1, 1, 0, 0, 1, 0, 0, 1, 0, 0, 0, 0, 1, 0, 0, 1, 1, 0, 0, 0, 0, 1, 1, 1, 1, 0, 0, 0, 0, 1, 0, 1, 1, 0, 0, 0, 1, 1, 1, 0, 0, 1, 1, 0, 1, 1, 0, 1, 0, 0, 0, 0, 0, 1, 1, 1, 0, 0, 1, 0, 1, 0, 0, 1, 1, 1, 1, 0, 0, 1, 1, 1, 1, 0, 1, 0, 0, 0, 1, 0, 0, 1, 1, 1, 0, 1, 1, 0, 0, 0, 1, 0, 0, 0, 0, 0, 0, 0, 1, 1, 0, 0, 0, 0, 0, 1, 0, 0, 1, 0, 0, 1, 0, 0, 0, 0, 0, 0, 0, 1, 1, 1, 0, 0, 0, 0, 0, 0, 1, 1, 0, 1, 0, 0, 1, 0, 0, 0, 0, 1, 0, 0, 0, 0, 1, 1, 1, 1, 1])
(32.90322580645167, [1, 0, 1, 0, 1, 1, 1, 0, 0, 1, 1, 1, 1, 0, 1, 1, 0, 0, 1, 0, 0, 0, 0, 1, 1, 0, 0, 0, 0, 0, 0, 0, 0, 1, 0, 0, 0, 0, 1, 1, 1, 0, 0, 1, 1, 0, 1, 0, 1, 1, 1, 1, 1, 1, 0, 1, 1, 0, 0, 1, 0, 1, 1, 1, 0, 0, 1, 1, 0, 1, 0, 0, 0, 1, 1, 1, 1, 1, 1, 0, 1, 1, 1, 1, 0, 1, 1, 1, 1, 0, 0, 0, 1, 0, 0, 0, 1, 1, 1, 1, 0, 1, 1, 1, 1, 0, 1, 0, 0, 0, 0, 1, 1, 0, 1, 0, 1, 0, 0, 1, 0, 0, 1, 0, 0, 0, 0, 1, 1, 0, 0, 0, 0, 1, 1, 0, 1, 1, 1, 1, 0, 1, 0, 1, 0, 1, 0, 0, 0, 0, 1, 1, 1, 0, 0, 0, 0, 0, 1, 0, 0, 0, 0, 0, 0, 1, 1, 1, 1, 1, 1, 0, 0, 0, 1, 0, 1, 0, 0, 1, 1, 0, 1, 0, 0, 0, 1, 0, 0, 0, 0, 1, 1, 0, 0, 1, 0, 0, 1, 1, 0, 0, 1, 0, 0, 1, 1, 0, 0, 0, 0, 1, 0, 1, 1, 0, 1, 0, 1, 0, 0, 0, 1, 0, 1, 1, 0, 1, 1, 0, 0, 0, 0, 0, 0, 0, 1, 0, 0, 0, 1, 1, 0, 0, 1, 0, 1, 1, 1, 0, 1, 1, 1, 1, 1, 0, 0, 0, 0, 0, 1, 1, 0, 1, 0, 1, 0, 0, 0, 1, 1, 0, 0, 0, 0, 0, 1, 0, 0, 1, 0, 0, 1, 1, 0, 0, 0, 1, 0, 0, 1, 1, 1, 1, 0, 0, 0, 1, 0, 1, 0, 0, 1, 1, 1, 0, 1, 0, 1, 1, 0, 0, 1, 0, 0, 1, 0, 0, 1, 1, 0, 0, 1, 0, 1, 1, 1, 1, 0, 1, 1, 1, 1, 1, 0, 0, 1, 1, 1, 1, 1, 1, 0, 0, 1, 1, 0, 0, 0, 1, 0, 0, 0, 1, 1, 1, 0, 1, 0, 0, 1, 1, 0, 0, 0, 1, 1, 0, 0, 1, 1, 0, 1, 0, 1, 1, 0, 0, 1, 0, 0, 0, 0, 1, 1, 0, 0, 0, 1, 0, 0, 0, 0, 0, 1, 0, 1, 1, 0, 0, 1, 1, 1, 0, 0, 1, 1, 1, 1, 0, 0, 1, 1, 0, 0, 1, 0, 0, 0, 1, 1, 0, 1, 0, 1, 0, 1, 1, 0, 0, 1, 1, 1, 1, 0, 0, 0, 1, 0, 0, 1, 1, 0, 0, 1, 1, 1, 1, 0, 0, 0, 1, 0, 1, 0, 1, 0, 0, 1, 1, 1, 0, 1, 0, 0, 0, 0, 1, 1, 0, 1, 1, 1, 1, 0, 1, 0, 0, 1, 1, 1, 0, 1, 0, 0, 1, 1, 0, 0, 0, 1, 0, 1, 0, 0, 1, 1, 0, 0, 0, 0, 1, 0, 1, 1, 1, 1, 0, 1, 1, 0, 0, 1, 0, 1, 1, 0, 1, 1, 0, 0, 1, 0, 0, 1, 0, 1, 0, 0, 1, 0, 1, 0, 1, 1, 1, 1, 1, 0, 0, 0, 1, 0, 1, 0, 1, 0, 1, 1, 1, 0, 0, 1, 0, 1, 1, 1, 1, 0, 0, 0, 0, 1, 0, 1, 0, 1, 1, 0, 0, 0, 0, 0, 0, 1, 1, 1, 1, 1, 0, 1, 1, 1, 1, 1, 0, 0, 1, 1, 1, 0, 0, 1, 1, 0, 1, 1, 1, 1, 1, 0, 0, 0, 1, 0, 0, 0, 1, 1, 1, 0, 1, 1, 0, 0, 1, 0, 0, 0, 0, 0, 0, 0, 0, 1, 1, 1, 1, 1, 0, 1, 1, 1, 0, 1, 0, 1, 1, 0, 0])
(28.303225806451586, [1, 0, 0, 1, 0, 0, 1, 0, 0, 0, 0, 0, 0, 1, 0, 0, 0, 1, 0, 1, 1, 1, 1, 1, 0, 0, 0, 0, 0, 1, 0, 0, 1, 1, 0, 0, 1, 1, 1, 0, 0, 0, 0, 0, 1, 0, 1, 0, 0, 0, 0, 1, 0, 0, 1, 1, 0, 1, 1, 1, 0, 1, 0, 0, 1, 0, 0, 1, 0, 1, 1, 0, 1, 1, 1, 1, 1, 0, 1, 0, 0, 0, 0, 1, 0, 1, 0, 0, 0, 1, 1, 1, 0, 0, 0, 1, 1, 0, 1, 1, 0, 0, 1, 0, 1, 0, 0, 0, 1, 0, 0, 1, 0, 0, 1, 0, 0, 1, 1, 1, 0, 1, 0, 1, 0, 1, 0, 0, 1, 0, 1, 0, 0, 0, 0, 1, 1, 0, 1, 0, 0, 0, 1, 0, 0, 1, 1, 1, 0, 1, 1, 0, 1, 0, 0, 1, 0, 1, 0, 1, 0, 1, 0, 0, 1, 0, 0, 1, 0, 0, 1, 1, 0, 1, 0, 1, 1, 1, 1, 0, 1, 0, 1, 0, 1, 0, 1, 1, 1, 0, 1, 0, 0, 0, 1, 0, 0, 0, 1, 0, 1, 0, 1, 0, 0, 0, 0, 1, 1, 0, 0, 0, 0, 1, 1, 1, 0, 1, 0, 0, 1, 1, 1, 0, 0, 0, 0, 1, 0, 1, 1, 0, 0, 1, 0, 0, 0, 0, 1, 1, 1, 0, 1, 0, 1, 1, 1, 0, 0, 0, 1, 1, 0, 0, 0, 1, 0, 0, 0, 1, 0, 0, 1, 1, 1, 1, 0, 1, 0, 0, 0, 0, 1, 1, 1, 0, 1, 1, 1, 1, 1, 1, 0, 1, 1, 1, 1, 0, 1, 1, 0, 0, 1, 1, 0, 0, 1, 1, 1, 1, 0, 1, 0, 0, 0, 0, 0, 1, 1, 1, 0, 1, 1, 1, 0, 0, 0, 1, 0, 0, 0, 1, 0, 1, 0, 0, 1, 0, 1, 1, 1, 0, 1, 0, 0, 1, 1, 0, 1, 0, 1, 0, 0, 0, 0, 1, 1, 0, 0, 1, 1, 0, 1, 0, 0, 0, 1, 0, 0, 1, 0, 1, 1, 1, 0, 1, 1, 1, 1, 0, 1, 0, 1, 1, 1, 0, 0, 0, 0, 0, 0, 0, 1, 0, 1, 1, 0, 1, 0, 1, 0, 1, 0, 1, 1, 0, 1, 1, 0, 1, 1, 0, 0, 1, 1, 0, 0, 0, 1, 1, 1, 1, 0, 1, 1, 0, 0, 1, 0, 1, 1, 0, 0, 1, 1, 0, 1, 1, 0, 0, 0, 1, 0, 0, 0, 1, 0, 1, 1, 1, 1, 1, 1, 0, 0, 0, 0, 1, 0, 0, 1, 1, 1, 0, 1, 1, 0, 1, 0, 0, 1, 0, 0, 0, 1, 0, 1, 0, 1, 0, 0, 1, 0, 0, 0, 0, 1, 1, 0, 0, 0, 1, 0, 0, 0, 0, 0, 0, 1, 1, 1, 0, 0, 0, 1, 0, 1, 0, 0, 0, 1, 1, 1, 1, 0, 0, 1, 0, 0, 1, 1, 1, 0, 0, 0, 1, 1, 0, 0, 1, 0, 1, 1, 1, 1, 0, 0, 1, 0, 1, 0, 1, 0, 1, 0, 1, 1, 1, 0, 1, 1, 1, 1, 0, 0, 0, 0, 0, 1, 0, 1, 0, 1, 1, 0, 0, 1, 1, 0, 1, 0, 0, 0, 1, 0, 1, 1, 0, 1, 0, 1, 0, 0, 1, 0, 1, 0, 1, 0, 1, 1, 0, 1, 1, 1, 0, 1, 1, 0, 0, 0, 1, 1, 0, 1, 1, 1, 1, 0, 1, 1, 1, 1, 1, 1, 0, 1, 0, 1, 0, 1, 0, 0, 0, 1, 0, 1, 1, 1, 1, 0, 1, 1, 1, 0, 1, 0, 1, 0, 1, 1, 0, 0, 0, 1, 0, 0, 0, 0, 0])
(28.187096774193503, [0, 0, 1, 1, 1, 1, 0, 0, 0, 0, 1, 1, 0, 1, 0, 0, 0, 1, 1, 1, 1, 1, 1, 1, 1, 0, 1, 0, 0, 0, 1, 1, 0, 0, 1, 1, 1, 1, 0, 1, 0, 1, 0, 1, 1, 1, 0, 0, 1, 1, 0, 1, 1, 1, 0, 1, 0, 0, 0, 1, 0, 1, 1, 1, 1, 1, 1, 0, 1, 0, 0, 0, 0, 1, 0, 0, 1, 1, 1, 1, 1, 0, 0, 1, 1, 1, 0, 0, 0, 1, 1, 0, 0, 0, 0, 1, 1, 0, 1, 1, 0, 1, 1, 0, 0, 1, 0, 0, 1, 1, 1, 0, 1, 0, 0, 0, 0, 0, 0, 1, 1, 0, 1, 1, 1, 0, 0, 0, 1, 1, 0, 0, 0, 0, 0, 1, 0, 1, 1, 1, 0, 1, 0, 0, 1, 0, 1, 1, 0, 0, 0, 1, 0, 1, 0, 0, 0, 0, 1, 0, 0, 0, 0, 1, 1, 1, 0, 1, 1, 0, 0, 0, 1, 0, 0, 1, 1, 1, 1, 0, 0, 1, 0, 0, 1, 1, 0, 0, 0, 1, 0, 0, 1, 0, 0, 1, 0, 0, 0, 0, 0, 0, 0, 1, 0, 0, 1, 1, 1, 1, 0, 0, 0, 1, 0, 0, 1, 0, 0, 1, 1, 0, 1, 0, 0, 1, 0, 0, 1, 1, 0, 1, 0, 0, 0, 1, 0, 0, 0, 0, 1, 0, 0, 1, 1, 1, 1, 1, 1, 0, 0, 0, 0, 1, 0, 0, 1, 0, 0, 0, 1, 1, 0, 1, 0, 1, 1, 0, 1, 1, 0, 1, 0, 0, 0, 1, 1, 1, 0, 1, 1, 0, 0, 1, 0, 1, 0, 1, 0, 1, 1, 1, 0, 1, 1, 0, 0, 1, 0, 1, 0, 0, 1, 1, 1, 0, 1, 1, 0, 1, 1, 1, 0, 0, 0, 0, 0, 0, 0, 1, 1, 1, 0, 1, 1, 0, 1, 0, 0, 0, 0, 0, 0, 0, 1, 1, 0, 0, 1, 0, 0, 1, 1, 0, 1, 1, 0, 0, 1, 0, 0, 0, 0, 0, 1, 1, 0, 0, 1, 1, 0, 0, 0, 1, 0, 0, 1, 1, 0, 0, 1, 1, 1, 1, 0, 1, 1, 1, 1, 0, 0, 1, 1, 1, 1, 1, 1, 1, 0, 1, 0, 0, 0, 0, 1, 1, 1, 0, 0, 1, 0, 0, 1, 1, 0, 1, 1, 0, 0, 1, 0, 1, 0, 0, 1, 0, 0, 0, 0, 1, 0, 0, 0, 1, 1, 0, 0, 1, 1, 1, 1, 0, 0, 1, 0, 0, 1, 1, 0, 1, 1, 1, 0, 0, 1, 0, 0, 0, 1, 0, 0, 1, 1, 1, 0, 1, 1, 1, 1, 1, 1, 0, 0, 0, 1, 1, 0, 0, 0, 1, 0, 1, 0, 0, 1, 0, 0, 0, 0, 1, 1, 1, 1, 0, 0, 0, 0, 1, 1, 1, 0, 0, 1, 1, 1, 1, 0, 0, 1, 1, 0, 0, 0, 1, 0, 0, 1, 1, 1, 1, 1, 1, 0, 0, 0, 1, 1, 0, 0, 1, 0, 0, 0, 1, 1, 1, 1, 0, 1, 1, 1, 1, 1, 1, 1, 0, 1, 1, 0, 1, 1, 1, 1, 0, 0, 0, 0, 1, 1, 1, 1, 0, 1, 1, 1, 1, 0, 1, 0, 0, 1, 1, 0, 0, 0, 1, 0, 1, 0, 1, 0, 1, 0, 1, 1, 1, 0, 1, 1, 0, 0, 0, 0, 1, 0, 1, 0, 1, 0, 0, 0, 0, 0, 1, 1, 0, 0, 1, 0, 0, 0, 0, 0, 1, 1, 0, 1, 0, 0, 1, 0, 1, 0, 0, 1, 1, 1, 1, 1, 1, 1, 1, 0, 1, 1, 0, 0, 1, 0, 1, 1, 0, 0, 0, 1, 0, 1, 1, 1, 1])
(23.76129032258064, [0, 0, 1, 1, 0, 0, 0, 1, 1, 1, 1, 1, 1, 1, 0, 0, 1, 0, 0, 0, 1, 1, 1, 1, 0, 1, 0, 1, 1, 1, 0, 1, 1, 0, 0, 1, 0, 1, 1, 0, 1, 1, 1, 0, 0, 0, 1, 0, 1, 0, 1, 1, 1, 1, 1, 1, 0, 1, 0, 1, 1, 1, 0, 0, 0, 0, 1, 1, 0, 0, 0, 0, 1, 0, 0, 0, 1, 1, 0, 1, 1, 1, 0, 1, 0, 0, 1, 0, 0, 1, 1, 1, 0, 1, 1, 0, 1, 0, 1, 1, 1, 1, 0, 0, 1, 1, 0, 1, 1, 1, 1, 0, 1, 0, 1, 0, 0, 1, 0, 1, 1, 1, 1, 0, 1, 1, 1, 0, 0, 0, 0, 1, 0, 1, 1, 1, 0, 0, 1, 0, 1, 1, 0, 0, 1, 1, 0, 0, 1, 0, 0, 0, 0, 1, 1, 0, 0, 0, 0, 0, 0, 0, 0, 1, 0, 1, 1, 1, 0, 1, 0, 1, 0, 1, 1, 1, 1, 1, 1, 1, 0, 0, 0, 1, 0, 0, 0, 0, 0, 1, 1, 1, 0, 1, 0, 1, 1, 0, 1, 1, 0, 1, 0, 1, 1, 1, 0, 1, 1, 1, 0, 1, 1, 0, 0, 0, 0, 0, 0, 1, 0, 0, 1, 0, 0, 0, 0, 1, 0, 0, 1, 1, 0, 0, 1, 1, 0, 0, 1, 1, 1, 0, 1, 1, 0, 0, 1, 0, 0, 1, 0, 1, 1, 1, 1, 0, 1, 1, 0, 1, 0, 1, 1, 0, 1, 1, 1, 0, 1, 1, 1, 1, 0, 0, 1, 0, 1, 1, 0, 0, 1, 1, 0, 0, 1, 0, 1, 0, 1, 0, 1, 1, 1, 0, 1, 0, 1, 0, 1, 1, 0, 0, 1, 1, 1, 1, 0, 0, 0, 0, 0, 0, 1, 0, 0, 1, 0, 0, 0, 0, 0, 0, 0, 0, 0, 0, 1, 1, 0, 0, 0, 1, 1, 1, 0, 0, 1, 0, 1, 0, 0, 1, 1, 0, 1, 0, 0, 1, 0, 1, 1, 1, 1, 1, 0, 0, 0, 1, 0, 0, 1, 1, 0, 0, 0, 0, 0, 0, 0, 0, 0, 1, 1, 1, 0, 0, 0, 1, 0, 1, 1, 1, 1, 0, 1, 0, 0, 0, 0, 1, 1, 0, 0, 1, 1, 0, 1, 1, 0, 0, 1, 1, 0, 1, 0, 0, 0, 0, 1, 1, 0, 1, 0, 0, 1, 0, 1, 0, 1, 0, 0, 1, 0, 1, 0, 1, 0, 0, 1, 0, 0, 0, 0, 0, 0, 0, 1, 1, 0, 1, 1, 0, 1, 1, 0, 0, 1, 0, 0, 1, 1, 1, 0, 1, 1, 1, 1, 0, 0, 1, 1, 0, 1, 0, 1, 0, 1, 1, 1, 0, 1, 0, 1, 1, 1, 1, 0, 1, 1, 1, 1, 1, 1, 1, 1, 1, 1, 0, 0, 1, 1, 1, 0, 1, 0, 0, 0, 1, 1, 1, 1, 1, 0, 0, 1, 1, 1, 1, 1, 1, 1, 0, 0, 1, 1, 0, 0, 1, 1, 1, 1, 0, 0, 1, 1, 1, 0, 1, 1, 0, 0, 0, 1, 1, 1, 0, 1, 0, 0, 1, 0, 1, 1, 1, 0, 1, 0, 0, 0, 0, 1, 0, 1, 1, 0, 1, 1, 0, 1, 0, 0, 1, 0, 1, 0, 0, 1, 1, 0, 0, 1, 0, 0, 0, 1, 1, 0, 0, 0, 1, 0, 1, 1, 1, 0, 0, 0, 1, 1, 1, 1, 1, 0, 1, 0, 0, 0, 1, 0, 1, 0, 1, 1, 1, 1, 1, 0, 0, 0, 1, 1, 0, 0, 1, 1, 0, 1, 0, 0, 1, 0, 1, 1, 0, 0, 1, 1, 0, 1, 0, 0, 1, 0, 1, 1, 1, 0, 1, 0, 0])
(17.864516129032243, [0, 1, 1, 1, 0, 1, 1, 1, 1, 0, 0, 0, 0, 1, 0, 0, 1, 0, 0, 1, 1, 0, 0, 1, 0, 1, 0, 1, 1, 0, 0, 1, 0, 1, 1, 1, 1, 0, 0, 0, 0, 1, 0, 0, 0, 1, 1, 0, 1, 1, 1, 0, 0, 1, 1, 0, 0, 1, 1, 1, 0, 1, 0, 1, 1, 0, 0, 0, 0, 1, 1, 0, 1, 0, 0, 0, 1, 1, 0, 1, 1, 1, 1, 1, 1, 1, 0, 1, 0, 1, 0, 0, 1, 0, 0, 0, 1, 1, 1, 1, 1, 0, 0, 0, 1, 1, 1, 1, 0, 0, 0, 0, 0, 0, 1, 0, 1, 1, 0, 1, 1, 0, 0, 0, 0, 0, 0, 1, 0, 0, 0, 1, 0, 1, 0, 1, 0, 0, 0, 0, 0, 1, 1, 0, 1, 0, 0, 0, 0, 0, 1, 1, 1, 1, 0, 0, 1, 1, 0, 0, 1, 1, 1, 0, 1, 1, 1, 1, 1, 0, 0, 1, 0, 0, 1, 1, 0, 1, 0, 0, 1, 0, 1, 1, 0, 1, 0, 0, 1, 0, 1, 0, 1, 0, 0, 1, 0, 1, 0, 1, 1, 0, 0, 0, 0, 0, 0, 1, 1, 1, 0, 1, 1, 1, 1, 0, 0, 0, 0, 1, 0, 1, 1, 0, 0, 0, 1, 1, 1, 1, 0, 0, 0, 0, 0, 0, 1, 1, 0, 1, 1, 0, 1, 0, 1, 0, 0, 0, 1, 1, 0, 1, 1, 0, 0, 0, 1, 0, 0, 1, 1, 1, 0, 0, 0, 0, 1, 1, 0, 0, 0, 0, 0, 1, 0, 0, 1, 0, 1, 1, 1, 1, 1, 1, 0, 0, 0, 1, 1, 0, 1, 0, 0, 1, 1, 0, 0, 1, 1, 0, 1, 1, 1, 1, 0, 0, 1, 1, 0, 1, 1, 1, 1, 1, 0, 0, 0, 0, 1, 1, 1, 1, 0, 0, 0, 0, 1, 0, 1, 0, 0, 0, 1, 1, 1, 1, 1, 1, 1, 0, 0, 1, 1, 1, 1, 1, 0, 1, 1, 0, 1, 1, 1, 1, 0, 1, 0, 0, 0, 0, 0, 0, 1, 1, 0, 1, 1, 0, 1, 0, 0, 0, 1, 0, 0, 1, 1, 0, 0, 1, 1, 0, 1, 0, 0, 0, 0, 1, 0, 0, 0, 1, 1, 0, 0, 0, 1, 1, 0, 1, 0, 0, 0, 1, 1, 0, 1, 1, 0, 0, 0, 1, 1, 1, 1, 0, 0, 1, 0, 1, 1, 0, 0, 1, 1, 1, 1, 0, 1, 1, 0, 0, 1, 0, 0, 1, 1, 0, 0, 1, 0, 1, 0, 0, 1, 1, 0, 0, 0, 1, 0, 1, 1, 1, 1, 0, 1, 1, 0, 0, 1, 0, 1, 0, 1, 0, 1, 0, 0, 1, 1, 0, 0, 1, 1, 0, 1, 1, 0, 0, 1, 1, 0, 1, 0, 0, 0, 1, 1, 1, 1, 0, 0, 0, 0, 0, 0, 0, 0, 1, 1, 1, 0, 0, 0, 1, 1, 0, 1, 1, 0, 1, 1, 1, 1, 1, 0, 1, 1, 1, 1, 1, 1, 1, 0, 1, 1, 0, 0, 1, 0, 0, 0, 1, 1, 0, 0, 1, 0, 1, 0, 1, 1, 0, 0, 1, 1, 1, 1, 1, 0, 1, 0, 1, 0, 0, 1, 1, 1, 0, 0, 0, 1, 0, 0, 1, 1, 0, 1, 1, 1, 0, 1, 1, 0, 1, 1, 0, 0, 1, 0, 1, 1, 0, 1, 0, 0, 1, 0, 0, 1, 1, 0, 1, 1, 0, 0, 1, 1, 0, 1, 1, 1, 0, 0, 0, 1, 1, 1, 1, 1, 1, 1, 0, 0, 0, 0, 0, 1, 1, 1, 1, 1, 0, 0, 0, 0, 1, 0, 1, 1, 1, 1, 0, 1, 1, 0, 0, 1, 1])
(13.354838709677411, [1, 1, 0, 1, 0, 1, 1, 0, 0, 0, 1, 0, 1, 1, 1, 0, 0, 0, 0, 1, 1, 0, 0, 0, 0, 1, 1, 1, 0, 0, 1, 1, 1, 0, 0, 1, 1, 1, 0, 1, 0, 1, 1, 0, 0, 0, 0, 0, 1, 0, 0, 0, 1, 1, 0, 0, 1, 0, 1, 0, 0, 1, 0, 0, 1, 1, 0, 1, 0, 1, 1, 1, 0, 0, 0, 0, 0, 0, 0, 1, 0, 0, 0, 1, 1, 1, 1, 0, 0, 0, 1, 1, 0, 1, 1, 0, 0, 0, 1, 0, 1, 0, 0, 1, 0, 1, 0, 0, 0, 1, 0, 0, 1, 1, 0, 0, 0, 1, 1, 1, 1, 1, 1, 1, 0, 0, 1, 1, 1, 0, 0, 1, 0, 1, 1, 0, 0, 1, 1, 1, 1, 0, 0, 0, 0, 1, 1, 0, 1, 1, 1, 0, 0, 0, 0, 0, 1, 0, 0, 1, 0, 0, 1, 1, 1, 1, 1, 0, 0, 0, 0, 0, 0, 1, 0, 0, 1, 1, 1, 0, 1, 0, 0, 1, 0, 0, 1, 0, 1, 0, 1, 0, 1, 0, 0, 1, 0, 1, 1, 1, 0, 1, 1, 0, 1, 0, 0, 1, 0, 1, 0, 1, 1, 1, 0, 0, 1, 1, 0, 1, 0, 0, 1, 1, 0, 1, 1, 0, 0, 1, 1, 1, 1, 0, 1, 1, 1, 1, 1, 1, 0, 1, 1, 1, 0, 0, 0, 1, 1, 0, 1, 1, 1, 0, 1, 0, 1, 0, 1, 1, 1, 0, 1, 1, 1, 1, 1, 0, 0, 1, 1, 0, 0, 1, 0, 1, 0, 1, 0, 1, 0, 1, 1, 1, 0, 0, 0, 1, 0, 1, 0, 1, 1, 1, 1, 1, 1, 1, 0, 0, 0, 0, 0, 0, 0, 1, 1, 0, 0, 1, 1, 0, 1, 1, 1, 1, 1, 0, 1, 0, 0, 1, 0, 1, 1, 0, 0, 0, 0, 0, 0, 1, 1, 1, 1, 0, 0, 0, 1, 1, 0, 0, 1, 1, 1, 1, 1, 1, 1, 1, 0, 1, 0, 1, 1, 0, 1, 1, 1, 0, 1, 1, 0, 1, 1, 1, 0, 1, 0, 1, 1, 0, 1, 0, 0, 1, 0, 0, 1, 0, 0, 0, 0, 1, 0, 0, 0, 0, 0, 0, 0, 0, 1, 1, 0, 1, 1, 0, 1, 1, 1, 0, 0, 1, 1, 1, 0, 1, 1, 1, 1, 1, 1, 0, 1, 0, 1, 0, 0, 0, 0, 0, 0, 1, 1, 1, 0, 0, 1, 1, 1, 0, 1, 0, 1, 0, 1, 1, 0, 0, 0, 1, 1, 1, 1, 0, 0, 0, 0, 0, 0, 1, 1, 0, 1, 0, 1, 1, 1, 0, 0, 0, 1, 1, 1, 0, 0, 1, 0, 0, 0, 0, 0, 1, 1, 1, 1, 0, 1, 1, 0, 1, 0, 0, 1, 0, 1, 0, 1, 0, 1, 0, 1, 1, 1, 1, 1, 1, 1, 1, 1, 0, 0, 1, 1, 0, 1, 1, 0, 1, 0, 1, 0, 0, 1, 1, 0, 0, 0, 1, 0, 1, 1, 1, 1, 0, 0, 1, 0, 1, 1, 0, 1, 1, 0, 1, 1, 0, 0, 0, 1, 1, 0, 1, 0, 1, 1, 0, 1, 0, 1, 1, 0, 1, 1, 0, 1, 0, 0, 0, 1, 0, 1, 1, 1, 0, 1, 0, 1, 1, 0, 1, 0, 0, 0, 0, 0, 0, 0, 1, 1, 0, 0, 1, 0, 1, 0, 1, 1, 0, 1, 1, 0, 1, 1, 0, 0, 0, 0, 1, 0, 1, 1, 1, 1, 0, 0, 0, 1, 1, 1, 0, 1, 1, 0, 1, 0, 1, 0, 1, 1, 1, 0, 1, 1, 0, 1, 0, 1, 0, 1, 1, 0, 1, 1, 0, 0, 0, 0, 1])
(11.34193548387096, [0, 1, 1, 1, 0, 0, 1, 1, 1, 0, 0, 0, 1, 0, 0, 1, 1, 1, 0, 0, 1, 0, 0, 1, 1, 1, 1, 1, 1, 1, 0, 1, 0, 1, 0, 0, 0, 1, 1, 0, 0, 0, 1, 0, 1, 0, 0, 0, 1, 1, 1, 0, 1, 0, 1, 0, 0, 1, 0, 0, 0, 1, 1, 1, 0, 0, 1, 1, 0, 0, 1, 0, 1, 0, 0, 0, 0, 1, 1, 1, 1, 0, 1, 0, 0, 1, 1, 1, 1, 0, 1, 1, 1, 1, 1, 1, 1, 0, 1, 1, 1, 0, 1, 1, 0, 0, 0, 1, 0, 0, 1, 0, 0, 1, 1, 0, 1, 1, 1, 0, 1, 1, 0, 1, 0, 1, 1, 0, 0, 0, 1, 0, 1, 0, 1, 1, 1, 1, 1, 0, 1, 0, 1, 1, 0, 0, 0, 1, 1, 1, 1, 0, 0, 0, 1, 0, 0, 0, 0, 1, 1, 1, 0, 1, 0, 0, 0, 0, 0, 0, 1, 0, 0, 1, 1, 0, 0, 1, 0, 0, 1, 0, 0, 1, 0, 0, 0, 1, 1, 1, 0, 1, 1, 1, 0, 0, 1, 0, 0, 0, 0, 0, 0, 0, 1, 0, 1, 0, 0, 1, 1, 0, 1, 1, 1, 0, 0, 0, 1, 0, 0, 0, 1, 0, 1, 0, 0, 1, 0, 1, 1, 0, 1, 1, 0, 0, 0, 0, 1, 0, 0, 0, 0, 1, 1, 1, 0, 0, 0, 0, 0, 0, 0, 1, 0, 1, 1, 1, 1, 1, 1, 0, 0, 1, 1, 0, 0, 1, 0, 1, 0, 0, 0, 0, 1, 1, 1, 1, 0, 1, 0, 1, 1, 1, 0, 1, 0, 1, 0, 1, 0, 0, 0, 0, 1, 1, 0, 0, 0, 0, 0, 1, 0, 1, 0, 1, 0, 1, 1, 1, 0, 0, 1, 0, 0, 0, 1, 0, 0, 1, 0, 1, 1, 0, 0, 1, 0, 1, 1, 0, 0, 1, 1, 0, 1, 0, 0, 0, 0, 0, 1, 0, 1, 1, 1, 0, 0, 0, 0, 0, 0, 0, 0, 0, 0, 0, 0, 1, 1, 0, 0, 1, 1, 0, 0, 1, 1, 0, 1, 1, 1, 0, 1, 1, 0, 0, 0, 1, 1, 0, 0, 1, 0, 0, 0, 0, 1, 0, 1, 1, 0, 1, 1, 1, 0, 1, 0, 0, 0, 1, 1, 0, 0, 1, 1, 1, 1, 0, 1, 0, 1, 1, 0, 1, 1, 0, 1, 1, 1, 0, 0, 0, 0, 1, 1, 1, 1, 1, 1, 1, 1, 0, 1, 0, 1, 0, 0, 0, 0, 1, 1, 1, 0, 0, 0, 0, 0, 0, 1, 0, 0, 0, 1, 1, 0, 0, 0, 1, 0, 0, 0, 0, 0, 1, 0, 1, 1, 0, 1, 0, 0, 1, 1, 0, 0, 0, 1, 0, 1, 0, 0, 1, 1, 1, 0, 0, 1, 1, 0, 1, 0, 1, 0, 0, 1, 0, 0, 0, 1, 1, 0, 0, 1, 1, 1, 0, 0, 1, 0, 1, 1, 0, 0, 0, 0, 1, 0, 0, 1, 0, 1, 0, 1, 1, 1, 0, 0, 0, 1, 1, 1, 1, 0, 1, 1, 0, 0, 0, 1, 0, 1, 1, 1, 0, 0, 0, 1, 0, 1, 1, 0, 1, 1, 1, 1, 0, 0, 1, 1, 0, 1, 1, 1, 0, 1, 0, 0, 1, 1, 0, 1, 0, 1, 0, 1, 1, 0, 1, 1, 0, 1, 0, 1, 1, 1, 1, 0, 1, 1, 0, 0, 0, 1, 0, 1, 0, 0, 1, 1, 0, 0, 1, 0, 0, 0, 1, 1, 0, 1, 1, 1, 1, 0, 0, 0, 1, 0, 0, 1, 0, 1, 0, 0, 0, 0, 0, 1, 0, 1, 0, 0, 0, 1, 1, 1, 1, 1, 0, 0, 0])


[48.65161290322587, 48.65161290322587, 17.864516129032243, 37.774193548387125, 48.65161290322587, 17.864516129032243, 17.864516129032243, 48.65161290322587]
next gen
最初の２本はベストスコア(car_num=8)と２位(car_num=9)のやつで加工なし
8,|10111110|11011001|00111011|01000100|01010001|11111101|01010010|00000111|01011110|00101100|01010000|00001001|10111111|00000101|00111101|01100001|10001001|10001001|11010011|10010011|10111001|00010000|10011100|10010011|10011001|11101001|01001010|01000111|00000111|10010000|01101111|11111110|01110101|00011011|01001001|11010101|01001000|00011101|10000111|01101110|00001001|11001010|01101010|00110001|00000101|11000101|00001000|00010101|10011101|11010110|00100010|01000110|00101001|00001001|01101101|10111001|10111010|10000001|11000010|11110111|10111000|10111000|10011101|01011000|00010100|10001110|01000111|10010110|11111110|00000010|00111110|01011111|11011110|01110010|10101000|10001011|00110010|00101011|00001100|10011011
0,|10111110|11011001|00111011|01000100|01010001|11111101|01010010|00000111|01011110|00101100|01010000|00001001|10111111|00000101|00111101|01100001|10001001|10001001|11010011|10010011|10111001|00010000|10011100|10010011|10011001|11101001|01001010|01000111|00000111|10010000|01101111|11111110|01110101|00011011|01001001|11010101|01001000|00011101|10000111|01101110|00001001|11001010|01101010|00110001|00000101|11000101|00001000|00010101|10011101|11010110|00100010|01000110|00101001|00001001|01101101|10111001|10111010|10000001|11000010|11110111|10111000|10111000|10011101|01011000|00010100|10001110|01000111|10010110|11111110|00000010|00111110|01011111|11011110|01110010|10101000|10001011|00110010|00101011|00001100|10011011

9,|01000000|10101110|01001000|10111010|11110010|01010000|01000000|00101011|10110011|00110111|10100101|01001010|10100011|00000110|00111001|10011000|00000110|00011010|01101101|00001111|01010001|11110000|01000010|10010000|01111100|10110000|11000000|10101001|01000101|01111000|10110110|01110010|11100101|00100101|10100000|00010001|00001010|01010001|11111101|01001111|00001011|10011011|01110101|01001000|01010100|10010010|01100110|10001110|01000111|11011011|11100101|11111101|10101100|11111100|11010100|00001110|10011110|10011011|00101110|10011100|10001001|01001110|00000101|10110000|10100111|00111010|00010000|00111001|11100101|01110010|10001111|01001100|01000000|10101011|00010110|00110110|11110001|01000100|10001010|00010000
1,|01000000|10101110|01001000|10111010|11110010|01010000|01000000|00101011|10110011|00110111|10100101|01001010|10100011|00000110|00111001|10011000|00000110|00011010|01101101|00001111|01010001|11110000|01000010|10010000|01111100|10110000|11000000|10101001|01000101|01111000|10110110|01110010|11100101|00100101|10100000|00010001|00001010|01010001|11111101|01001111|00001011|10011011|01110101|01001000|01010100|10010010|01100110|10001110|01000111|11011011|11100101|11111101|10101100|11111100|11010100|00001110|10011110|10011011|00101110|10011100|10001001|01001110|00000101|10110000|10100111|00111010|00010000|00111001|11100101|01110010|10001111|01001100|01000000|10101011|00010110|00110110|11110001|01000100|10001010|00010000
ここまではあってる

ベストスコアが２回選ばれてて、そいつらで交配してるはず、、、
8,|10111110|11011001|00111011|01000100|01010001|11111101|01010010|00000111|01011110|00101100|01010000|00001001|10111111|00000101|00111101|01100001|10001001|10001001|11010011|10010011|10111001|00010000|10011100|10010011|10011001|11101001|01001010|01000111|00000111|10010000|01101111|11111110|01110101|00011011|01001001|11010101|01001000|00011101|10000111|01101110|00001001|11001010|01101010|00110001|00000101|11000101|00001000|00010101|10011101|11010110|00100010|01000110|00101001|00001001|01101101|10111001|10111010|10000001|11000010|11110111|10111000|10111000|10011101|01011000|00010100|10001110|01000111|10010110|11111110|00000010|00111110|01011111|11011110|01110010|10101000|10001011|00110010|00101011|00001100|10011011

あってる。同じ遺伝子同士なのでmutationが入らない限り全部一致する。
2,|10111110|11011001|00111011|01000100|01010001|11111101|01010010|00000111|01011110|00101100|01010000|00001001|10111111|00000101|00111101|01100001|10001001|10001001|11010011|10010011|10111001|00010000|10011100|10010011|10011001|11101001|01001010|01000111|00000111|10010000|01101111|11111110|01110101|00011011|01001001|11010101|01001000|00011101|10000111|01101110|00001001|11001010|01101010|00110001|00000101|11000101|00001000|00010101|10011101|11010110|00100010|01000110|00101001|00001001|01101101|10111001|10111010|10000001|11000010|11110111|10111000|10111000|10011101|01011000|00010100|10001110|01000111|10010110|11111110|00000010|00111110|01011111|11011110|01110010|10101000|10001011|00110010|00101011|00001100|10011011
3,|10111110|11011001|00111011|01000100|01010001|11111101|01010010|00000111|01011110|00101100|01010000|00001001|10111111|00000101|00111101|01100001|10001001|10001001|11010011|10010011|10111001|00010000|10011100|10010011|10011001|11101001|01001010|01000111|00000111|10010000|01101111|11111110|01110101|00011011|01001001|11010101|01001000|00011101|10000111|01101110|00001001|11001010|01101010|00110001|00000101|11000101|00001000|00010101|10011101|11010110|00100010|01000110|00101001|00001001|01101101|10111001|10111010|10000001|11000010|11110111|10111000|10111000|10011101|01011000|00010100|10001110|01000111|10010110|11111110|00000010|00111110|01011111|11011110|01110010|10101000|10001011|00110010|00101011|00001100|10011011

17.86
2,|01110111|10000100|10011001|01011001|01111000|01000  110|11100110|01110101|10000110|10001101|11111101|01001000|11111000|11110000|00101101|10000001|00010101|00000110|10000011|11001100|11101111|10010011|01001011|01001010|10010101|10000001|11011110|00010110|00111100|00001101|10101000|11011000|10011100|00110000|01001011|11110001|10100110|01101111|00110111|11000011|11000010|10001111|11100111|11011011|11010000|00110110|10001001|10011010|00010001|10001101|00011011|00011110|01011001|11101100|10011001|01001100|01011110|11001010|10100110|01101100|11010001|11100000|00011100|01101101|11110111|11110110|01000110|01010110|01111101|01001110|00100110|11101101|10010110|10010011|01100110|11100011|11111000|00111110|00010111|10110011
37.77
1,|11011010|11000111|00100101|10010011|10111111|01001  010|00110100|00000011|10010100|01101011|10111101|10010010|10111000|11000010|00000111|01101000|01110111|01110101|01010100|00111010|11000100|11001000|00100011|11100100|10001110|11010011|11001100|11010101|11011100|11111010|10001100|01000011|10101011|10000100|00000100|11001110|11010111|00100011|10010111|00010110|10010101|01011011|00011100|11111000|11100110|00100011|00110101|01110101|01110101|00101101|11010110|01001100|00110011|01001011|10100100|11011001|11110100|11001100|10001010|10011111|00010111|10111001|00100001|00110000|11110000|10110001|11001101|10100000|11100101|00111100|11110100|01001110|11000100|00000110|00001001|00100000|00111000|00011010|01000010|00011111
交配箇所にスペース２個入れてみた。mix()自体は正しいみたい
4,|01110111|10000100|10011001|01011001|01111000|01000  010|00110100|00000011|10010100|01101011|10111101|10010010|10111000|11000010|00000111|01101000|01110111|01110101|01010100|00111010|11000100|11001000|00100011|11100100|10001110|11010011|11001100|11010101|11011100|11111010|10001100|01000011|10101011|10000100|00000100|11001110|11010111|00100011|10010111|00010110|10010101|01011011|00011100|11111000|11100110|00100011|00110101|01110101|01110101|00101101|11010110|01001100|00110011|01001011|10100100|11011001|11110100|11001100|10001010|10011111|00010111|10111001|00100001|00110000|11110000|10110001|11001101|10100000|11100101|00111100|11110100|01001110|11000100|00000110|00001001|00100000|00111000|00011010|01000010|00011111
5,|11011010|11000111|00100101|10010011|10111111|01001  110|11100110|01110101|10000110|10001101|11111101|01001000|11111000|11110000|00101101|10000001|00010101|00000110|10000011|11001100|11101111|10010011|01001011|01001010|10010101|10000001|11011110|00010110|00111100|00001101|10101000|11011000|10011100|00110000|01001011|11110001|10100110|01101111|00110111|11000011|11000010|10001111|11100111|11011011|11010000|00110110|10001001|10011010|00010001|10001101|00011011|00011110|01011001|11101100|10011001|01001100|01011110|11001010|10100110|01101100|11010001|11100000|00011100|01101101|11110111|11110110|01000110|01010110|01111101|01001110|00100110|11101101|10010110|10010011|01100110|11100011|11111000|00111110|00010111|10110011

他のもよさ気
6,|10111110|11011001|00111011|01000100|01010001|11111101|01010010|00000111|01011110|00101100|01010000|00001001|10111000|11110000|00101101|10000001|00010101|00000110|10000011|11001100|11101111|10010011|01001011|01001010|10010101|10000001|11011110|00010110|00111100|00001101|10101000|11011000|10011100|00110000|01001011|11110001|10100110|01101111|00110111|11000011|11000010|10001111|11100111|11011011|11010000|00110110|10001001|10011010|00010001|10001101|00011011|00011110|01011001|11101100|10011001|01001100|01011110|11001010|10100110|01101100|11010001|11100000|00011100|01101101|11110111|11110110|01000110|01010110|01111101|01001110|00100110|11101101|10010110|10010011|01100110|11100011|11111000|00111110|00010111|10110011
7,|01110111|10000100|10011001|01011001|01111000|01000110|11100110|01110101|10000110|10001101|11111101|01001000|11111111|00000101|00111101|01100001|10001001|10001001|11010011|10010011|10111001|00010000|10011100|10010011|10011001|11101001|01001010|01000111|00000111|10010000|01101111|11111110|01110101|00011011|01001001|11010101|01001000|00011101|10000111|01101110|00001001|11001010|01101010|00110001|00000101|11000101|00001000|00010101|10011101|11010110|00100010|01000110|00101001|00001001|01101101|10111001|10111010|10000001|11000010|11110111|10111000|10111000|10011101|01011000|00010100|10001110|01000111|10010110|11111110|00000010|00111110|01011111|11011110|01110010|10101000|10001011|00110010|00101011|00001100|10011011

8,|01110111|10000100|10011001|01011001|01111000|01000110|11100110|01110101|10000110|10001101|11111101|01001000|11111000|11110000|00101101|10000001|00010101|00000110|10000011|11001100|11101111|10010011|00011100|10010011|10011001|11101001|01001010|01000111|00000111|10010000|01101111|11111110|01110101|00011011|01001001|11010101|01001000|00011101|10000111|01101110|00001001|11001010|01101010|00110001|00000101|11000101|00001000|00010101|10011101|11010110|00100010|01000110|00101001|00001001|01101101|10111001|10111010|10000001|11000010|11110111|10111000|10111000|10011101|01011000|00010100|10001110|01000111|10010110|11111110|00000010|00111110|01011111|11011110|01110010|10101000|10001011|00110010|00101011|00001100|10011011
9,|10111110|11011001|00111011|01000100|01010001|11111101|01010010|00000111|01011110|00101100|01010000|00001001|10111111|00000101|00111101|01100001|10001001|10001001|11010011|10010011|10111001|00010000|11001011|01001010|10010101|10000001|11011110|00010110|00111100|00001101|10101000|11011000|10011100|00110000|01001011|11110001|10100110|01101111|00110111|11000011|11000010|10001111|11100111|11011011|11010000|00110110|10001001|10011010|00010001|10001101|00011011|00011110|01011001|11101100|10011001|01001100|01011110|11001010|10100110|01101100|11010001|11100000|00011100|01101101|11110111|11110110|01000110|01010110|01111101|01001110|00100110|11101101|10010110|10010011|01100110|11100011|11111000|00111110|00010111|10110011



